1444.2.a.e:[[-4591,14346,-20346,17424,-8076,2088,-8],[]]:4:C2^2
1568.2.a.o:[[2,0,15,0,-12,0,2],[]]:4:C2^2
6958.2.a.w:[[5763792478,-21321762853,32549180383,-26344624134,11941072544,-2874780713,287122295],[]]:8:D4
6084.2.a.s:[[481,-1068,1110,-665,240,-48,4],[]]:12:D6
6084.2.a.r:[[481,-1068,1110,-665,240,-48,4],[]]:12:D6
5184.2.a.bh:[[2,0,15,0,-12,0,2],[]]:4:C2^2
5184.2.a.ca:[[2,0,15,0,-12,0,2],[]]:4:C2^2
6912.2.a.by:[[2,0,0,-2,0,0,1],[]]:12:D6
6912.2.a.bz:[[-9,30,27,-68,-39,-18,5],[]]:4:C2^2
675.2.a.q:[[5,0,0,-5],[0,0,0,1]]:12:D6
9702.2.a.dg:[[0,-357532,0,-357532,0,729],[]]:8:D4
9702.2.a.df:[[702205426,-2593259155,3948809929,-3184205322,1435498592,-342934511,33885041],[]]:8:D4
6912.2.a.bl:[[481,-1068,1110,-665,240,-48,4],[]]:12:D6
3969.2.a.h:[[0,-700,0,-700,0,81],[]]:8:D4
6912.2.a.bm:[[481,-1068,1110,-665,240,-48,4],[]]:12:D6
6912.2.a.bn:[[481,-1068,1110,-665,240,-48,4],[]]:12:D6
3969.2.a.j:[[0,-700,0,-700,0,81],[]]:8:D4
1936.2.a.s:[[11,0,0,-11,0,0,-4],[]]:12:D6
2592.2.a.t:[[2,0,15,0,-12,0,2],[]]:4:C2^2
7744.2.a.bx:[[11,0,0,-11,0,0,-4],[]]:12:D6
3872.2.a.s:[[2,0,15,0,-12,0,2],[]]:4:C2^2
6912.2.a.bk:[[481,-1068,1110,-665,240,-48,4],[]]:12:D6
9248.2.a.k:[[2,0,15,0,-12,0,2],[]]:4:C2^2
9248.2.a.j:[[2,0,15,0,-12,0,2],[]]:4:C2^2
3872.2.a.t:[[2,0,15,0,-12,0,2],[]]:4:C2^2
4761.2.a.o:[[481,-1068,1110,-665,240,-48,4],[]]:12:D6
5929.2.a.n:[[11,0,0,-11,0,0,-4],[]]:12:D6
5408.2.a.bc:[[2,0,15,0,-12,0,2],[]]:4:C2^2
3025.2.a.k:[[11,0,0,-11,0,0,-4],[]]:12:D6
1089.2.a.n:[[481,-1068,1110,-665,240,-48,4],[]]:12:D6
2304.2.a.w:[[481,-1068,1110,-665,240,-48,4],[]]:12:D6
675.2.a.j:[[5,0,0,-5],[0,0,0,1]]:12:D6
2304.2.a.v:[[481,-1068,1110,-665,240,-48,4],[]]:12:D6
7744.2.a.ce:[[2,0,15,0,-12,0,2],[]]:4:C2^2
5776.2.a.y:[[-4591,14346,-20346,17424,-8076,2088,-8],[]]:4:C2^2
2592.2.a.i:[[2,0,15,0,-12,0,2],[]]:4:C2^2
9702.2.a.ct:[[0,-357532,0,-357532,0,729],[]]:8:D4
9610.2.a.m:[[163561,-327029,245078,-81486,-155,31],[]]:8:D4
7744.2.a.cn:[[11,0,0,-11,0,0,-4],[]]:12:D6
6912.2.a.y:[[-9,30,27,-68,-39,-18,5],[]]:4:C2^2
7744.2.a.ch:[[2,0,15,0,-12,0,2],[]]:4:C2^2
7744.2.a.ci:[[2,0,15,0,-12,0,2],[]]:4:C2^2
6912.2.a.z:[[-9,30,27,-68,-39,-18,5],[]]:4:C2^2
2842.2.a.l:[[0,-3315226084,0,-3315226084,0,619704967],[]]:8:D4
3267.2.a.m:[[481,-1068,1110,-665,240,-48,4],[]]:12:D6
4356.2.a.q:[[481,-1068,1110,-665,240,-48,4],[]]:12:D6
3267.2.a.n:[[481,-1068,1110,-665,240,-48,4],[]]:12:D6
9801.2.a.q:[[11,0,0,-11,0,0,-4],[]]:12:D6
9801.2.a.p:[[11,0,0,-11,0,0,-4],[]]:12:D6
1225.2.a.t:[[0,-700,0,-700,0,81],[]]:8:D4
3136.2.a.bi:[[2,0,15,0,-12,0,2],[]]:4:C2^2
3136.2.a.bj:[[2,0,15,0,-12,0,2],[]]:4:C2^2
4563.2.a.k:[[481,-1068,1110,-665,240,-48,4],[]]:12:D6
4356.2.a.n:[[11,0,0,-11,0,0,-4],[]]:12:D6
4563.2.a.j:[[481,-1068,1110,-665,240,-48,4],[]]:12:D6
1568.2.a.p:[[2,0,15,0,-12,0,2],[]]:4:C2^2
6400.2.a.bd:[[0,-1,0,0,0,1],[]]:48:GL(2,3)
6400.2.a.ch:[[0,-1,0,0,0,1],[]]:48:GL(2,3)
6400.2.a.ci:[[0,-1,0,0,0,1],[]]:48:GL(2,3)
1225.2.a.o:[[0,-700,0,-700,0,81],[]]:8:D4
6400.2.a.bc:[[0,-1,0,0,0,1],[]]:48:GL(2,3)
1521.2.a.i:[[481,-1068,1110,-665,240,-48,4],[]]:12:D6
8624.2.a.bp:[[-151028,458568,-568308,357696,-116961,19494,-1270],[]]:4:C2^2
484.2.a.d:[[11,0,0,-11,0,0,-4],[]]:12:D6
4977.2.a.e:[[121,0,0,-121,0,0,-108],[]]:12:D6
8624.2.a.bo:[[28721,-70011,34623,42152,-53259,20796,-2840],[1]]:4:C2^2
8624.2.a.bm:[[0,-5476,0,-5476,0,567],[]]:8:D4
1701.2.a.k:[[920,-12792,15636,-10192,3630,-1038,137],[]]:4:C2^2
4624.2.a.m:[[-584,4122,-9942,11088,-6015,1368,-44],[1]]:4:C2^2
8624.2.a.bl:[[702205426,-2593259155,3948809929,-3184205322,1435498592,-342934511,33885041],[]]:8:D4
4624.2.a.l:[[1577,-1985,628,-236,20,-4],[]]:8:D4
4624.2.a.o:[[45241,-105221,109622,-69294,24565,-4913],[]]:8:D4
1701.2.a.m:[[49,-71,63,-11,-12,4,-1],[1,1,1,1]]:12:D6
4624.2.a.n:[[0,-68,0,-68,0,-1],[]]:8:D4
5408.2.a.r:[[2,0,15,0,-12,0,2],[]]:4:C2^2
6804.2.a.i:[[-34246,71142,-62655,36308,-11751,2490,-46],[]]:4:C2^2
7353.2.a.s:[[26135,-39198,39189,-13048,-15,6,-1],[]]:12:D6
2943.2.a.g:[[370648,-1336632,1952628,-1431632,410622,-62430,3457],[]]:4:C2^2
2619.2.a.e:[[361,0,0,-361,0,0,-7],[0,0,0,1]]:12:D6
6804.2.a.j:[[-3,0,0,-2],[0,0,0,1]]:12:D6
