1024.2.a.d:[[2,0,15,0,-12,0,2],[]]:4:C2^2:[26569,-23472,10368,-24048,-1940,1440,10368,1440,330,-720,0,-144,4,0,0,0,1]
2592.2.a.k:[[2,0,15,0,-12,0,2],[]]:4:C2^2:[16,0,288,0,2592,0,1352,0,-639,0,-7968,0,17216,0,-15696,0,8082,0,-1984,0,288,0,-24,0,1]
2592.2.a.q:[[2,0,15,0,-12,0,2],[]]:4:C2^2:[1,0,0,0,0,0,-80,0,0,0,0,0,3200,0,0,0,0,0,-17040,0,0,0,0,0,45794,0,0,0,0,0,-17040,0,0,0,0,0,3200,0,0,0,0,0,-80,0,0,0,0,0,1]
3249.2.a.l:[[-4591,14346,-20346,17424,-8076,2088,-8],[]]:4:C2^2:[15147664,-3362688,373248,-635424,-1582724,-263760,110880,84720,42405,21708,4464,-546,103,78,18,-6,1]
3872.2.a.v:[[2,0,15,0,-12,0,2],[]]:4:C2^2:[65536,0,1310720,0,13107200,0,220200960,0,2189615104,0,3656286208,0,5140316160,0,21477933056,0,8728642304,0,-32021726208,0,30249244672,0,-11148446720,0,973626592,0,-204366464,0,1466734336,0,-1116041280,0,431299937,0,-64353820,0,5215368,0,-168296,0,6511,0,-2472,0,392,0,-28,0,1]
3872.2.a.w:[[2,0,15,0,-12,0,2],[]]:4:C2^2:[33503788584036,-94232822789952,157769518652064,399402583391520,-4496121439560,-141082572226896,235529111217840,55756083650304,-48595188359048,192783327204272,-33993437878496,-167605280030512,129562948529860,19848354433720,-81995419741192,23740512087680,24700253442057,-27854225978304,11114715922640,1366926232960,-3241020413216,727221791488,1156503454048,-639905014144,-128253867404,165649322272,8448576432,-48423714848,8319451192,7552188560,-1582972560,-1077031552,532589242,124661888,-84143536,-16852768,9055560,123280,-1133264,171648,161852,-16208,-15632,720,996,-8,-40,0,1]
5184.2.a.bm:[[2,0,15,0,-12,0,2],[]]:4:C2^2:[1,0,0,0,0,0,-80,0,0,0,0,0,3200,0,0,0,0,0,-17040,0,0,0,0,0,45794,0,0,0,0,0,-17040,0,0,0,0,0,3200,0,0,0,0,0,-80,0,0,0,0,0,1]
5184.2.a.bw:[[2,0,15,0,-12,0,2],[]]:4:C2^2:[16,0,288,0,2592,0,1352,0,-639,0,-7968,0,17216,0,-15696,0,8082,0,-1984,0,288,0,-24,0,1]
5408.2.a.ba:[[2,0,15,0,-12,0,2],[]]:4:C2^2:[16777216,0,142606336,0,606076928,0,5373689856,0,22888247296,0,-3371487232,0,5092459008,0,18550890016,0,-19540977535,0,-3382856256,0,10350367744,0,-7881554368,0,5351435038,0,-3206988352,0,1735716352,0,-995910240,0,394712387,0,-70756544,0,8107008,0,-814720,0,76702,0,-6528,0,512,0,-32,0,1]
5408.2.a.s:[[2,0,15,0,-12,0,2],[]]:4:C2^2:[104464521400914,-618307971437016,1573178878805940,-1399131676396152,3243876785707626,-2695791805558416,319061870204976,-1389248118204984,827152752792987,1864025508475512,-2569021267363752,3166844254929768,-2929188370552694,1153483296448608,714875607026484,-2181483582974440,3042000900722361,-3158916417085744,2787570405222104,-2188095941856560,1562242179710020,-1030254911848672,633669351965680,-366125004733040,199474078059966,-102827083333328,50258812544640,-23303668124336,10261948117940,-4289719722112,1702160815992,-640679190544,228525889060,-77180217080,24636568404,-7425481688,2107293874,-562320400,140621568,-32810328,7148503,-1428904,267016,-44088,6946,-864,116,-8,1]
7744.2.a.cf:[[2,0,15,0,-12,0,2],[]]:4:C2^2:[65536,0,1310720,0,13107200,0,220200960,0,2189615104,0,3656286208,0,5140316160,0,21477933056,0,8728642304,0,-32021726208,0,30249244672,0,-11148446720,0,973626592,0,-204366464,0,1466734336,0,-1116041280,0,431299937,0,-64353820,0,5215368,0,-168296,0,6511,0,-2472,0,392,0,-28,0,1]
9025.2.a.p:[[-4591,14346,-20346,17424,-8076,2088,-8],[]]:4:C2^2:[443549340025,-248296255900,69497376200,-49116680200,15320390265,500820110,38655120,-38362060,19594396,208474,8778,-12290,8001,-20,2,-2,1]
9216.2.a.g:[[2,0,15,0,-12,0,2],[]]:4:C2^2:[1,0,-8,0,52,0,-168,0,264,0,-168,0,52,0,-8,0,1]
9216.2.a.j:[[2,0,15,0,-12,0,2],[]]:4:C2^2:[94249,0,252160,0,376608,0,-4836832,0,8343992,0,-5211312,0,1130920,0,-108368,0,5238,0,18496,0,12544,0,5088,0,1784,0,560,0,120,0,16,0,1]
9216.2.a.k:[[2,0,15,0,-12,0,2],[]]:4:C2^2:[94249,0,252160,0,376608,0,-4836832,0,8343992,0,-5211312,0,1130920,0,-108368,0,5238,0,18496,0,12544,0,5088,0,1784,0,560,0,120,0,16,0,1]
9216.2.a.l:[[2,0,15,0,-12,0,2],[]]:4:C2^2:[94249,0,252160,0,376608,0,-4836832,0,8343992,0,-5211312,0,1130920,0,-108368,0,5238,0,18496,0,12544,0,5088,0,1784,0,560,0,120,0,16,0,1]
9216.2.a.m:[[2,0,15,0,-12,0,2],[]]:4:C2^2:[94249,0,252160,0,376608,0,-4836832,0,8343992,0,-5211312,0,1130920,0,-108368,0,5238,0,18496,0,12544,0,5088,0,1784,0,560,0,120,0,16,0,1]
9216.2.a.p:[[2,0,15,0,-12,0,2],[]]:4:C2^2:[1,0,-8,0,52,0,-168,0,264,0,-168,0,52,0,-8,0,1]
