1127.2.a.e:[[117382,-74698,2953,4724,755,-204,-148],[]]:4:C2^2
9248.2.a.l:[[409,-869,758,-366,85,-17],[]]:8:D4
9075.2.a.bf:[[-117133,440722,-744430,722000,-391780,106312,-1048],[]]:4:C2^2
3136.2.a.br:[[65,-109,38,34,-35,7],[]]:8:D4
4563.2.a.l:[[649,-1212,1074,-569,195,-39,3],[0,0,0,1]]:12:D6
3626.2.a.p:[[28348088,-143981908,294682740,-313336980,183713850,-56606549,7180759],[]]:8:D4
4900.2.a.y:[[65,-109,38,34,-35,7],[]]:8:D4
9075.2.a.bm:[[-117133,440722,-744430,722000,-391780,106312,-1048],[]]:4:C2^2
7139.2.a.g:[[24073,3396,-49614,48199,-19965,3993,-333],[0,0,0,1]]:12:D6
5202.2.a.bd:[[0,-24548,0,-24548,0,-5625],[]]:8:D4
2312.2.a.j:[[45241,-105221,109622,-69294,24565,-4913],[]]:8:D4
5292.2.a.o:[[-856,4536,-11892,23504,-12510,2622,-193],[]]:4:C2^2
7225.2.a.p:[[1777,-4829,6278,-4926,2125,-425],[]]:8:D4
4563.2.a.k:[[481,-1068,1110,-665,240,-48,4],[]]:12:D6
8624.2.a.bl:[[702205426,-2593259155,3948809929,-3184205322,1435498592,-342934511,33885041],[]]:8:D4
6300.2.a.bh:[[16888,-24216,15252,-4976,654,66,-131],[]]:4:C2^2
6348.2.a.g:[[31095,-62187,46634,-15538,-5,1],[]]:8:D4
1764.2.a.l:[[65,-109,38,34,-35,7],[]]:8:D4
5329.2.a.d:[[3274760,-13639372,23814316,-22352268,11899478,-3405491,408577],[]]:8:D4
3528.2.a.be:[[961,-1901,1382,-414,-35,7],[]]:8:D4
1078.2.a.r:[[2276,-21062,7027,3539,-971,-185,27],[0,1,1,1]]:4:C2^2
5202.2.a.bc:[[0,-47524,0,-47524,0,-12393],[]]:8:D4
3626.2.a.g:[[2179,105226,260396,392170,155521,37976,4804],[1,1,1,1]]:4:C2^2
7168.2.a.q:[[37,-77,64,-28,5,-1],[]]:8:D4
7200.2.a.cm:[[0,25,-5,5,-11,7,-1],[]]:4:C2^2
7056.2.a.cj:[[-8,12,73,20,-79,31,-3],[0,0,0,1]]:4:C2^2
1521.2.a.l:[[2941,-3948,2010,-365,15,-3],[0,0,0,1]]:12:D6
9216.2.a.f:[[90,-156,67,31,-40,8],[]]:8:D4
2592.2.a.t:[[2,0,15,0,-12,0,2],[]]:4:C2^2
3481.2.a.b:[[-503,2244,-3246,2311,-885,177,-15],[0,0,0,1]]:12:D6
6534.2.a.bl:[[289,0,0,-289,0,0,74],[0,0,0,1]]:12:D6
837.2.a.c:[[75112,-19464,2220,48208,-47406,17742,-2729],[]]:4:C2^2
5341.2.a.c:[[36206,-233981,585191,-744918,515488,-184801,26815],[]]:8:D4
7260.2.a.u:[[10056825,-13673940,8149667,-2705192,405355,-35476,705],[]]:4:C2^2
8704.2.a.e:[[-47,127,-128,56,-10,2],[]]:8:D4
6912.2.a.bk:[[481,-1068,1110,-665,240,-48,4],[]]:12:D6
6400.2.a.by:[[0,-1,0,0,0,1],[]]:48:GL(2,3)
3174.2.a.i:[[0,-33212,0,-33212,0,28561],[]]:8:D4
8112.2.a.bt:[[13,0,0,-16],[0,0,0,1]]:12:D6
2560.2.a.a:[[0,-676,0,-676,0,81],[]]:8:D4
7744.2.a.dc:[[-11,0,0,-8,0,0,1],[]]:12:D6
9522.2.a.bi:[[-516654,3020061,-7195015,8956470,-6143360,2197665,-319167],[]]:8:D4
3267.2.a.p:[[49,228,-510,415,-165,33,-3],[0,0,0,1]]:12:D6
4418.2.a.f:[[-38626,129211,-166081,97338,-19808,-3529,1495],[]]:8:D4
3025.2.a.k:[[11,0,0,-11,0,0,-4],[]]:12:D6
7168.2.a.m:[[73714,-172004,180203,-114681,40960,-8192],[]]:8:D4
5194.2.a.u:[[-2345906,7960115,-10515369,6564042,-1698912,-26609,62639],[]]:8:D4
8448.2.a.bu:[[-12674,-381,390,-145,15,-6,1],[]]:12:D6
9408.2.a.eb:[[513,-9,177,33,23,5,2],[]]:4:C2^2
8624.2.a.bt:[[2545,-4061,902,1986,-1715,343],[]]:8:D4
4624.2.a.o:[[45241,-105221,109622,-69294,24565,-4913],[]]:8:D4
2560.2.a.c:[[71,-139,98,-26,-5,1],[]]:8:D4
3267.2.a.n:[[481,-1068,1110,-665,240,-48,4],[]]:12:D6
6400.2.a.bl:[[0,1,0,4,0,-1],[]]:8:D4
3174.2.a.l:[[0,-40804,0,-40804,0,14375],[]]:8:D4
6272.2.a.p:[[0,-28,0,-28,0,1],[]]:8:D4
7744.2.a.cd:[[47,61,16,-43,14,7,1],[]]:4:C2^2
2223.2.a.j:[[961,0,0,-961,0,0,-7],[0,0,0,1]]:12:D6
7056.2.a.cn:[[0,-63,0,4,0,4],[]]:8:D4
196.2.a.c:[[65,-109,38,34,-35,7],[]]:8:D4
8448.2.a.bh:[[-106904124,322021962,-362160782,177112356,-23826946,-8604795,2362329],[]]:8:D4
9075.2.a.br:[[-1494,-2598,-1145,1220,920,-758,139],[]]:4:C2^2
2304.2.a.w:[[481,-1068,1110,-665,240,-48,4],[]]:12:D6
8768.2.a.o:[[238,-464,323,-81,-20,4],[]]:8:D4
7168.2.a.b:[[0,-338,0,-338,0,-81],[]]:8:D4
3072.2.a.f:[[0,-2,0,-2,0,1],[]]:8:D4
9016.2.a.t:[[0,-3388,0,-3388,0,625],[]]:8:D4
7200.2.a.cp:[[271,-807,816,-263,6,3,1],[]]:4:C2^2
9760.2.a.j:[[-34,-124,493,-591,320,-64],[]]:8:D4
6566.2.a.r:[[0,-119716,0,-119716,0,4375],[]]:8:D4
8624.2.a.bv:[[22465,-44909,33638,-11166,-35,7],[]]:8:D4
7884.2.a.e:[[417416,-1285224,1549260,-1123600,375450,-74394,5039],[]]:4:C2^2
7168.2.a.i:[[37,-77,64,-28,5,-1],[]]:8:D4
2420.2.a.h:[[-13950,22296,-12732,3442,-660,132,-11],[1]]:12:D6
6912.2.a.bn:[[481,-1068,1110,-665,240,-48,4],[]]:12:D6
6804.2.a.l:[[-272456,455592,-254604,44368,-4170,4026,973],[]]:4:C2^2
3136.2.a.bp:[[961,-1901,1382,-414,-35,7],[]]:8:D4
3072.2.a.e:[[90,-156,67,31,-40,8],[]]:8:D4
3174.2.a.h:[[-516654,3020061,-7195015,8956470,-6143360,2197665,-319167],[]]:8:D4
8624.2.a.bp:[[-151028,458568,-568308,357696,-116961,19494,-1270],[]]:4:C2^2
6912.2.a.bd:[[263,-864,1194,-928,396,-96,8],[]]:4:C2^2
3871.2.a.b:[[158705,-316381,235142,-76094,-1715,343],[]]:8:D4
9016.2.a.q:[[2396183816,-12181037644,24945099564,-26534762892,15561994422,-4795944707,608467441],[]]:8:D4
9075.2.a.bl:[[13825,-13740,534,5191,-2640,528,-44],[]]:12:D6
6912.2.a.bc:[[263,-864,1194,-928,396,-96,8],[]]:4:C2^2
2619.2.a.e:[[361,0,0,-361,0,0,-7],[0,0,0,1]]:12:D6
9457.2.a.c:[[-465106,1555555,-1998649,1170282,-237152,-43009,18079],[]]:8:D4
7168.2.a.k:[[0,-338,0,-338,0,-81],[]]:8:D4
7744.2.a.ce:[[2,0,15,0,-12,0,2],[]]:4:C2^2
7200.2.a.cd:[[271,-807,816,-263,6,3,1],[]]:4:C2^2
9075.2.a.bk:[[-1494,-2598,-1145,1220,920,-758,139],[]]:4:C2^2
7514.2.a.q:[[-1029634,4211179,-7345489,7036122,-3904352,1184039,-151865],[]]:8:D4
3249.2.a.l:[[-4591,14346,-20346,17424,-8076,2088,-8],[]]:4:C2^2
4851.2.a.bc:[[22465,-44909,33638,-11166,-35,7],[]]:8:D4
3626.2.a.n:[[64978,-178915,75385,231990,-327040,161953,-28351],[]]:8:D4
3872.2.a.v:[[2,0,15,0,-12,0,2],[]]:4:C2^2
6534.2.a.bm:[[361,0,0,-361,0,0,74],[0,0,0,1]]:12:D6
3348.2.a.k:[[5,-72,72,-42,15,-3],[0,0,0,1]]:12:D6
507.2.a.e:[[5929,-13452,14214,-8609,3120,-624,52],[]]:12:D6
8992.2.a.c:[[14,-220,565,-615,320,-64],[]]:8:D4
7260.2.a.y:[[-85560,-125256,-38420,-44048,21002,-3442,207],[]]:4:C2^2
9680.2.a.bg:[[19340,-25680,12696,-1996,-60,12,-1],[]]:12:D6
6534.2.a.ch:[[289,0,0,-289,0,0,74],[0,0,0,1]]:12:D6
2816.2.a.a:[[-527,4116,-6666,4951,-1920,384,-32],[]]:12:D6
9075.2.a.bq:[[-37402,98005,-113293,73958,-27632,5257,-269],[1,1,1,1]]:4:C2^2
7168.2.a.h:[[0,-8,0,-9,0,-1],[]]:8:D4
5202.2.a.bb:[[1577,-1985,628,-236,20,-4],[]]:8:D4
6566.2.a.s:[[0,-78652,0,-78652,0,14641],[]]:8:D4
512.2.a.a:[[0,-1,0,0,0,1],[]]:48:GL(2,3)
7168.2.a.e:[[58,-140,155,-105,40,-8],[]]:8:D4
3626.2.a.q:[[0,177881767,-889408835,830547234,1065993638,-2903672909,1718659105],[]]:8:D4
7056.2.a.cs:[[7625,-15061,10902,-3214,-315,63],[]]:8:D4
784.2.a.m:[[65,-109,38,34,-35,7],[]]:8:D4
8464.2.a.bh:[[61633,-81564,39954,-5969,-345,69,-6],[0,0,0,1]]:12:D6
7056.2.a.ct:[[961,-1901,1382,-414,-35,7],[]]:8:D4
1024.2.a.b:[[0,-2,0,-2,0,-1],[]]:8:D4
9075.2.a.bn:[[-69,559,-1179,1423,-1032,412,-69],[1,1,1,1]]:12:D6
8112.2.a.bv:[[2941,-3948,2010,-365,15,-3],[0,0,0,1]]:12:D6
3174.2.a.p:[[139868,-186384,93048,-15388,-60,12,-1],[]]:12:D6
7514.2.a.m:[[0,-148996,0,-148996,0,-10625],[]]:8:D4
8448.2.a.bs:[[-495,231,404,-148,10,-2],[]]:8:D4
7168.2.a.f:[[0,2,0,1,0,1],[]]:8:D4
2560.2.a.b:[[391,-779,578,-186,-5,1],[]]:8:D4
9457.2.a.d:[[0,567,-2835,-189694,580422,-778621,390161],[]]:8:D4
1225.2.a.o:[[0,-700,0,-700,0,81],[]]:8:D4
9522.2.a.w:[[139868,-186384,93048,-15388,-60,12,-1],[]]:12:D6
2997.2.a.a:[[1175,-1758,1749,-568,-15,6,-1],[]]:12:D6
9522.2.a.bj:[[7201,-8988,3666,79,-345,69,-6],[0,0,0,1]]:12:D6
5202.2.a.r:[[135809,-404269,579558,-487966,221085,-44217],[]]:8:D4
9216.2.a.h:[[0,-2,0,1,0,1],[]]:8:D4
5491.2.a.k:[[4461640,-20561708,39206924,-39606252,22375942,-6711499,834953],[]]:8:D4
6400.2.a.ch:[[0,-1,0,0,0,1],[]]:48:GL(2,3)
4563.2.a.j:[[481,-1068,1110,-665,240,-48,4],[]]:12:D6
9216.2.a.s:[[0,-2,0,-2,0,-1],[]]:8:D4
9504.2.a.n:[[2917,1365,-4332,2765,5424,-615,19],[]]:4:C2^2
7260.2.a.v:[[294145,-391020,193926,-31001,-660,132,-11],[]]:12:D6
9522.2.a.x:[[-18,-381,390,-145,15,-6,1],[1]]:12:D6
4624.2.a.l:[[1577,-1985,628,-236,20,-4],[]]:8:D4
7168.2.a.r:[[0,-8,0,-9,0,-1],[]]:8:D4
7168.2.a.j:[[0,-12769,0,-12769,0,-2592],[]]:8:D4
2312.2.a.g:[[-584,4122,-9942,11088,-6015,1368,-44],[1]]:4:C2^2
6272.2.a.r:[[0,-7,0,4,0,4],[]]:8:D4
5808.2.a.bx:[[20,-8,-215,2,221,-87,2],[0,0,0,1]]:4:C2^2
5808.2.a.bx:[[2,87,221,-2,-215,8,20],[1]]:4:C2^2
6912.2.a.bm:[[481,-1068,1110,-665,240,-48,4],[]]:12:D6
7840.2.a.bf:[[0,25,-5,5,-11,7,-1],[]]:4:C2^2
7168.2.a.n:[[58,-140,155,-105,40,-8],[]]:8:D4
7371.2.a.h:[[2903,-4350,4341,-1432,-15,6,-1],[]]:12:D6
5859.2.a.g:[[-367496,2233704,-4776780,4126480,-1194330,139674,-5759],[]]:4:C2^2
3072.2.a.c:[[90,-156,67,31,-40,8],[]]:8:D4
6912.2.a.bl:[[481,-1068,1110,-665,240,-48,4],[]]:12:D6
3887.2.a.e:[[5989,-8412,4782,-1277,240,-48,4],[]]:12:D6
7056.2.a.cq:[[0,-28,0,-28,0,9],[]]:8:D4
6400.2.a.bg:[[4,-4,11,-4,4,-4,1],[]]:4:C2^2
6912.2.a.by:[[2,0,0,-2,0,0,1],[]]:12:D6
6272.2.a.l:[[0,-7,0,4,0,4],[]]:8:D4
3626.2.a.f:[[1221362,-5183507,8855241,-7713738,3558048,-803119,65713],[]]:8:D4
3136.2.a.bk:[[961,-1901,1382,-414,-35,7],[]]:8:D4
8649.2.a.j:[[1769,-3445,2390,-590,-155,31],[]]:8:D4
2028.2.a.h:[[13,0,0,-16],[0,0,0,1]]:12:D6
9016.2.a.p:[[2881,-5741,4262,-1374,-35,7],[]]:8:D4
7839.2.a.d:[[14374071945,-30384916398,26955848673,-12842166845,3463330503,-500921808,30330133],[0,0,0,1]]:12:D6
7605.2.a.bl:[[36440,-2760,-75012,-132032,98022,-8610,-8425],[]]:4:C2^2
8704.2.a.d:[[3460,-14326,24826,-23088,12158,-3437,407],[]]:8:D4
441.2.a.h:[[0,-700,0,-700,0,81],[]]:8:D4
3362.2.a.f:[[379464712,-1578306764,2752106156,-2580076428,1372120918,-392348467,47039873],[]]:8:D4
8480.2.a.e:[[0,-5329,0,-5329,0,324],[]]:8:D4
9216.2.a.v:[[650,-1516,1587,-1009,360,-72],[]]:8:D4
9216.2.a.j:[[2,0,15,0,-12,0,2],[]]:4:C2^2
8349.2.a.h:[[167929,-188412,46290,32215,-19965,3993,-333],[0,0,0,1]]:12:D6
4644.2.a.b:[[121,-726,1815,-2299,1452,-363,-432],[]]:12:D6
9522.2.a.u:[[6948,-28790,49773,-45491,22998,-6065,648],[1,1,1,1]]:12:D6
4356.2.a.o:[[-176,1131,-2715,3545,-2640,1056,-176],[]]:12:D6
9216.2.a.u:[[20,-46,47,-29,10,-2],[]]:8:D4
7712.2.a.a:[[446,-880,635,-185,-20,4],[]]:8:D4
1701.2.a.k:[[920,-12792,15636,-10192,3630,-1038,137],[]]:4:C2^2
3072.2.a.d:[[0,-2,0,-2,0,1],[]]:8:D4
9216.2.a.l:[[2,0,15,0,-12,0,2],[]]:4:C2^2
7200.2.a.cc:[[-279,219,-110,55,-10,-1,1],[]]:4:C2^2
9075.2.a.bi:[[20,-8,-215,2,221,-87,2],[0,0,0,1]]:4:C2^2
1156.2.a.c:[[0,-68,0,-68,0,-1],[]]:8:D4
7744.2.a.ci:[[2,0,15,0,-12,0,2],[]]:4:C2^2
9216.2.a.g:[[2,0,15,0,-12,0,2],[]]:4:C2^2
9801.2.a.q:[[11,0,0,-11,0,0,-4],[]]:12:D6
4356.2.a.q:[[481,-1068,1110,-665,240,-48,4],[]]:12:D6
2028.2.a.g:[[4968,-4216,1260,-976,114,146,15],[]]:4:C2^2
9216.2.a.n:[[99,-195,140,-40,-5,1],[]]:8:D4
8448.2.a.bz:[[0,2,0,-16,0,-1],[]]:8:D4
6958.2.a.w:[[5763792478,-21321762853,32549180383,-26344624134,11941072544,-2874780713,287122295],[]]:8:D4
675.2.a.j:[[5,0,0,-5],[0,0,0,1]]:12:D6
5184.2.a.bw:[[2,0,15,0,-12,0,2],[]]:4:C2^2
2704.2.a.u:[[1057,-2796,3270,-2105,780,-156,13],[]]:12:D6
1568.2.a.o:[[2,0,15,0,-12,0,2],[]]:4:C2^2
2592.2.a.q:[[2,0,15,0,-12,0,2],[]]:4:C2^2
9675.2.a.bc:[[980536,-1270104,763476,-200816,-12522,22314,-10103],[]]:4:C2^2
1444.2.a.e:[[-4591,14346,-20346,17424,-8076,2088,-8],[]]:4:C2^2
6400.2.a.ba:[[-25,0,0,8,0,0,8],[]]:12:D6
6400.2.a.ci:[[0,-1,0,0,0,1],[]]:48:GL(2,3)
2254.2.a.j:[[7221640,-34109708,66290924,-67938252,38797942,-11730499,1467953],[]]:8:D4
5491.2.a.g:[[-5305,25349,-49718,49326,-24565,4913],[]]:8:D4
7168.2.a.c:[[466,-1316,1787,-1449,640,-128],[]]:8:D4
7301.2.a.e:[[0,-38332,0,-38332,0,28561],[]]:8:D4
7936.2.a.f:[[0,-2,0,-16,0,-1],[]]:8:D4
6656.2.a.h:[[199,-395,290,-90,-5,1],[]]:8:D4
2331.2.a.m:[[16,-87,96,-47,15,-6,1],[]]:12:D6
4851.2.a.bb:[[220025,-430789,303798,-80686,-15435,3087],[]]:8:D4
7488.2.a.cn:[[-18,-15,-96,-95,96,-15,18],[]]:4:C2^2
9248.2.a.m:[[409,-869,758,-366,85,-17],[]]:8:D4
3528.2.a.bj:[[-8,12,73,20,-79,31,-3],[0,0,0,1]]:4:C2^2
9610.2.a.m:[[163561,-327029,245078,-81486,-155,31],[]]:8:D4
6534.2.a.cg:[[2156,0,0,-2156,0,0,27],[]]:12:D6
6525.2.a.u:[[269,-612,15,440,135,348,261],[]]:4:C2^2
3159.2.a.h:[[-26792,44616,-28812,7216,-354,66,145],[]]:4:C2^2
7168.2.a.p:[[274,-644,683,-441,160,-32],[]]:8:D4
4418.2.a.g:[[769,228,-1806,1711,-705,141,-12],[0,0,0,1]]:12:D6
675.2.a.q:[[5,0,0,-5],[0,0,0,1]]:12:D6
8448.2.a.bf:[[0,2,0,-16,0,-1],[]]:8:D4
9216.2.a.i:[[0,-2,0,1,0,1],[]]:8:D4
3843.2.a.k:[[1681,0,0,-1681,0,0,-7],[0,0,0,1]]:12:D6
4761.2.a.h:[[-185,-251,1482,-1874,1035,-207],[]]:8:D4
8448.2.a.bw:[[215713,-286764,142230,-22745,-480,96,-8],[]]:12:D6
5929.2.a.n:[[11,0,0,-11,0,0,-4],[]]:12:D6
4923.2.a.g:[[-313,978,-987,344,-15,6,-1],[]]:12:D6
5194.2.a.t:[[0,-106276,0,-106276,0,567],[]]:8:D4
9504.2.a.m:[[2917,1365,-4332,2765,5424,-615,19],[]]:4:C2^2
9675.2.a.bl:[[-19784,112296,-214284,181264,-54642,7554,-443],[]]:4:C2^2
9216.2.a.b:[[20,-46,47,-29,10,-2],[]]:8:D4
8208.2.a.ba:[[-8278,12918,-5607,308,-183,198,23],[]]:4:C2^2
6400.2.a.bd:[[0,-1,0,0,0,1],[]]:48:GL(2,3)
9522.2.a.bd:[[314353,-418524,208434,-34049,-345,69,-6],[0,0,0,1]]:12:D6
3528.2.a.bh:[[0,-63,0,4,0,4],[]]:8:D4
1953.2.a.k:[[10201,0,0,-10201,0,0,-108],[]]:12:D6
9801.2.a.z:[[44,0,0,-44,0,0,-1],[]]:12:D6
3136.2.a.bt:[[-8,12,73,20,-79,31,-3],[0,0,0,1]]:4:C2^2
6084.2.a.r:[[481,-1068,1110,-665,240,-48,4],[]]:12:D6
6272.2.a.o:[[0,-28,0,-28,0,1],[]]:8:D4
6534.2.a.cf:[[169,0,0,-169,0,0,74],[0,0,0,1]]:12:D6
6534.2.a.bn:[[2156,0,0,-2156,0,0,27],[]]:12:D6
7056.2.a.cr:[[65,-109,38,34,-35,7],[]]:8:D4
6912.2.a.bz:[[-9,30,27,-68,-39,-18,5],[]]:4:C2^2
4418.2.a.h:[[14377,-17916,7266,199,-705,141,-12],[0,0,0,1]]:12:D6
9702.2.a.di:[[-74434,257035,-350641,234138,-73568,6599,871],[]]:8:D4
1521.2.a.i:[[481,-1068,1110,-665,240,-48,4],[]]:12:D6
3872.2.a.w:[[2,0,15,0,-12,0,2],[]]:4:C2^2
5184.2.a.bm:[[2,0,15,0,-12,0,2],[]]:4:C2^2
6889.2.a.b:[[-1103,3684,-4830,3295,-1245,249,-21],[0,0,0,1]]:12:D6
2943.2.a.g:[[370648,-1336632,1952628,-1431632,410622,-62430,3457],[]]:4:C2^2
2597.2.a.h:[[105457,-209885,155270,-49470,-1715,343],[]]:8:D4
9408.2.a.dk:[[513,-9,177,33,23,5,2],[]]:4:C2^2
6050.2.a.bz:[[-9668,-30952,-30120,-3340,5655,-1292,92],[]]:4:C2^2
8428.2.a.h:[[0,-625,0,252,0,252],[]]:8:D4
9702.2.a.cl:[[-28135,5647,33748,-11276,20,-4],[]]:8:D4
7168.2.a.o:[[466,-1316,1787,-1449,640,-128],[]]:8:D4
3174.2.a.n:[[11199,-58899,120218,-121186,60835,-12167],[]]:8:D4
6656.2.a.j:[[456967,-913931,685442,-228474,-5,1],[]]:8:D4
6400.2.a.bn:[[0,1,0,4,0,-1],[]]:8:D4
6400.2.a.cf:[[-25,0,0,8,0,0,8],[]]:12:D6
8957.2.a.f:[[106441,-200508,179346,-95801,32955,-6591,549],[0,0,0,1]]:12:D6
1815.2.a.h:[[-333,2863,-5859,6943,-4992,1996,-333],[1,1,1,1]]:12:D6
4977.2.a.e:[[121,0,0,-121,0,0,-108],[]]:12:D6
7744.2.a.cg:[[47,61,16,-43,14,7,1],[]]:4:C2^2
9472.2.a.i:[[-44,112,-98,26,5,-1],[]]:8:D4
2304.2.a.y:[[-9,30,27,-68,-39,-18,5],[]]:4:C2^2
6525.2.a.v:[[269,-612,15,440,135,348,261],[]]:4:C2^2
6656.2.a.i:[[199,-395,290,-90,-5,1],[]]:8:D4
1089.2.a.n:[[481,-1068,1110,-665,240,-48,4],[]]:12:D6
1600.2.a.bd:[[0,-5,0,-5,0,-1],[]]:8:D4
7200.2.a.ce:[[271,-807,816,-263,6,3,1],[]]:4:C2^2
7056.2.a.ci:[[7625,-15061,10902,-3214,-315,63],[]]:8:D4
9216.2.a.d:[[0,-2,0,-2,0,-1],[]]:8:D4
2304.2.a.t:[[0,-1,0,0,0,1],[]]:48:GL(2,3)
2597.2.a.l:[[0,-51772,0,-51772,0,625],[]]:8:D4
6566.2.a.v:[[0,-481636,0,-481636,0,16807],[]]:8:D4
7200.2.a.cq:[[-279,219,-110,55,-10,-1,1],[]]:4:C2^2
4563.2.a.o:[[21,-47,75,-75,48,-20,3],[1,1,1,1]]:12:D6
5476.2.a.e:[[9,0,0,-8,0,0,1],[1]]:12:D6
9522.2.a.t:[[61633,-81564,39954,-5969,-345,69,-6],[0,0,0,1]]:12:D6
9025.2.a.p:[[-4591,14346,-20346,17424,-8076,2088,-8],[]]:4:C2^2
3072.2.a.g:[[99,-195,140,-40,-5,1],[]]:8:D4
3626.2.a.o:[[0,-584647,2923235,-5381346,4451098,-1062739,-345601],[]]:8:D4
7623.2.a.bg:[[-856,-16968,14988,2000,-3102,-66,143],[]]:4:C2^2
8281.2.a.q:[[1297,-2076,1506,-641,195,-39,3],[0,0,0,1]]:12:D6
3872.2.a.s:[[2,0,15,0,-12,0,2],[]]:4:C2^2
1936.2.a.m:[[-11,0,0,-8,0,0,1],[]]:12:D6
9216.2.a.t:[[650,-1516,1587,-1009,360,-72],[]]:8:D4
9099.2.a.f:[[-7963384,12110616,-3714420,-1304080,203130,191046,17039],[]]:4:C2^2
1521.2.a.h:[[5929,-13452,14214,-8609,3120,-624,52],[]]:12:D6
4418.2.a.i:[[-3544504,12337364,-17498420,13004340,-5357050,1162117,-103847],[]]:8:D4
4312.2.a.o:[[-151028,458568,-568308,357696,-116961,19494,-1270],[]]:4:C2^2
9801.2.a.p:[[11,0,0,-11,0,0,-4],[]]:12:D6
8957.2.a.i:[[319921,-781548,870006,-544361,199680,-39936,3328],[]]:12:D6
9522.2.a.bk:[[3340,-6116,-797,3786,141,-666,-81],[]]:4:C2^2
8208.2.a.bb:[[49,0,0,-49,0,0,-7],[0,0,0,1]]:12:D6
6627.2.a.j:[[178,1738,-3433,-140,1937,304,-395],[]]:4:C2^2
7168.2.a.a:[[0,-12769,0,-12769,0,-2592],[]]:8:D4
7744.2.a.cf:[[2,0,15,0,-12,0,2],[]]:4:C2^2
9075.2.a.bj:[[-37402,98005,-113293,73958,-27632,5257,-269],[1,1,1,1]]:4:C2^2
9522.2.a.bg:[[0,-40804,0,-40804,0,14375],[]]:8:D4
9522.2.a.be:[[6948,-28790,49773,-45491,22998,-6065,648],[1,1,1,1]]:12:D6
4704.2.a.bq:[[270,-624,643,-401,140,-28],[]]:8:D4
6400.2.a.bm:[[0,-1,0,-1,0,1],[]]:8:D4
2450.2.a.bp:[[16159,-32243,24026,-7842,-125,25],[]]:8:D4
363.2.a.f:[[8473,-11004,5106,-521,-165,33,-3],[0,0,0,1]]:12:D6
8775.2.a.ba:[[113569,0,0,-113569,0,0,-169],[0,0,0,1]]:12:D6
8619.2.a.o:[[1882633,-3447564,2989254,-1552769,527280,-105456,8788],[]]:12:D6
9680.2.a.bv:[[-13950,22296,-12732,3442,-660,132,-11],[1]]:12:D6
5202.2.a.s:[[0,-47524,0,-47524,0,-12393],[]]:8:D4
9408.2.a.dn:[[1710,-3504,2803,-1121,140,-28],[]]:8:D4
3136.2.a.bs:[[65,-109,38,34,-35,7],[]]:8:D4
9675.2.a.bb:[[980536,-1270104,763476,-200816,-12522,22314,-10103],[]]:4:C2^2
2116.2.a.f:[[23,0,0,-23,0,0,-1],[]]:12:D6
4312.2.a.p:[[0,-3364,0,-3364,0,567],[]]:8:D4
7569.2.a.i:[[764,488,1068,964,63,-92,19],[]]:4:C2^2
9702.2.a.cm:[[5569,-5401,-364,308,-140,28],[]]:8:D4
6975.2.a.x:[[249772,-1073088,2300280,-2758860,1963155,-702918,94802],[]]:4:C2^2
2560.2.a.e:[[391,-779,578,-186,-5,1],[]]:8:D4
225.2.a.f:[[5,0,0,-5],[0,0,0,1]]:12:D6
5408.2.a.bc:[[2,0,15,0,-12,0,2],[]]:4:C2^2
4608.2.a.i:[[0,-1,0,0,0,1],[]]:48:GL(2,3)
9610.2.a.i:[[-12318398,-26965963,206471409,-363794202,293834592,-114747527,17520089],[]]:8:D4
2312.2.a.h:[[0,-42436,0,-42436,0,-10625],[]]:8:D4
5887.2.a.e:[[1240,-136,-300,2704,510,-2546,905],[]]:4:C2^2
7605.2.a.w:[[36440,-2760,-75012,-132032,98022,-8610,-8425],[]]:4:C2^2
784.2.a.k:[[961,-1901,1382,-414,-35,7],[]]:8:D4
8784.2.a.bf:[[-27,75,-66,7,15,-6,1],[1]]:12:D6
882.2.a.m:[[7625,-15061,10902,-3214,-315,63],[]]:8:D4
4725.2.a.bb:[[345,-1523,2837,-2476,1065,-216,16],[1,1]]:4:C2^2
4725.2.a.bb:[[345,-1523,2837,-2476,1065,-216,16],[1,1]]:4:C2^2
6272.2.a.q:[[0,-7,0,4,0,4],[]]:8:D4
3328.2.a.w:[[0,529,0,2116,0,-81],[]]:8:D4
6348.2.a.f:[[945,-1821,1222,-254,-115,23],[]]:8:D4
9747.2.a.p:[[49,0,0,-49,0,0,-7],[0,0,0,1]]:12:D6
9016.2.a.r:[[143,-1315,3130,-3330,1715,-343],[]]:8:D4
9408.2.a.dm:[[414,-1020,1165,-815,320,-64],[]]:8:D4
8028.2.a.g:[[12,-74,183,-344,477,-368,83],[1,1,1,1]]:12:D6
3136.2.a.bo:[[193,-365,230,-30,-35,7],[]]:8:D4
4608.2.a.k:[[0,-1,0,0,0,1],[]]:48:GL(2,3)
1815.2.a.g:[[13825,-13740,534,5191,-2640,528,-44],[]]:12:D6
6084.2.a.t:[[1057,-2796,3270,-2105,780,-156,13],[]]:12:D6
8624.2.a.bu:[[1399,-2795,2090,-690,-5,1],[]]:8:D4
9025.2.a.q:[[-1620,-3600,32184,-68036,67587,-32982,6386],[]]:4:C2^2
9459.2.a.c:[[-256,1617,-3921,5147,-3840,1536,-256],[]]:12:D6
9408.2.a.dz:[[414,-1020,1165,-815,320,-64],[]]:8:D4
484.2.a.d:[[11,0,0,-11,0,0,-4],[]]:12:D6
9072.2.a.bg:[[5,-3,-6,17,-15,6,-1],[]]:12:D6
2842.2.a.k:[[0,-1833316,0,-1833316,0,16807],[]]:8:D4
9216.2.a.o:[[99,-195,140,-40,-5,1],[]]:8:D4
9522.2.a.bf:[[7742,-12486,-15567,24701,5264,-5419,-1363],[1,0,1]]:4:C2^2
5408.2.a.ba:[[2,0,15,0,-12,0,2],[]]:4:C2^2
8480.2.a.g:[[46,-284,613,-631,320,-64],[]]:8:D4
9702.2.a.df:[[702205426,-2593259155,3948809929,-3184205322,1435498592,-342934511,33885041],[]]:8:D4
1024.2.a.e:[[0,-2,0,-2,0,-1],[]]:8:D4
7744.2.a.cn:[[11,0,0,-11,0,0,-4],[]]:12:D6
1323.2.a.w:[[345,-1523,2837,-2476,1065,-216,16],[1,1]]:4:C2^2
9216.2.a.p:[[2,0,15,0,-12,0,2],[]]:4:C2^2
5491.2.a.h:[[39811,25904,195001,-167584,-90247,41136,14147],[]]:4:C2^2
1568.2.a.r:[[193,-365,230,-30,-35,7],[]]:8:D4
9248.2.a.j:[[2,0,15,0,-12,0,2],[]]:4:C2^2
9216.2.a.c:[[650,-1516,1587,-1009,360,-72],[]]:8:D4
8448.2.a.bg:[[-495,231,404,-148,10,-2],[]]:8:D4
7056.2.a.co:[[0,-700,0,-700,0,81],[]]:8:D4
8619.2.a.p:[[3586777,-4787916,2401446,-406481,3120,-624,52],[]]:12:D6
9675.2.a.ba:[[1472056,-1592664,798036,-31856,-147882,74154,-20423],[]]:4:C2^2
4864.2.a.q:[[-128,0,0,1,0,0,1],[]]:12:D6
6912.2.a.bq:[[-2,0,0,1,0,0,1],[]]:12:D6
9610.2.a.o:[[0,-2979076,0,-2979076,0,74431],[]]:8:D4
8281.2.a.u:[[8477,11340,-30513,-15336,42135,-11124,1637],[]]:4:C2^2
2560.2.a.f:[[71,-139,98,-26,-5,1],[]]:8:D4
6400.2.a.bk:[[241,-479,353,-111,-5,1],[]]:8:D4
1078.2.a.v:[[-929,2701,-2630,830,35,-7],[]]:8:D4
6400.2.a.cc:[[4,-4,11,-4,4,-4,1],[]]:4:C2^2
4624.2.a.n:[[0,-68,0,-68,0,-1],[]]:8:D4
8428.2.a.g:[[-14097,38717,-35558,9566,1715,-343],[]]:8:D4
2304.2.a.s:[[-71,948,-1626,1231,-480,96,-8],[]]:12:D6
8448.2.a.bc:[[215713,-286764,142230,-22745,-480,96,-8],[]]:12:D6
3025.2.a.j:[[19340,-25680,12696,-1996,-60,12,-1],[]]:12:D6
5202.2.a.t:[[16465,-32957,24774,-8318,45,-9],[]]:8:D4
9801.2.a.r:[[44,0,0,-44,0,0,-1],[]]:12:D6
2450.2.a.bi:[[-325090,1151803,-1642561,1191738,-449888,77495,-3497],[]]:8:D4
800.2.a.j:[[0,-5,0,-5,0,-1],[]]:8:D4
1225.2.a.v:[[0,175,0,-36,0,-4],[]]:8:D4
756.2.a.g:[[-856,4536,-11892,23504,-12510,2622,-193],[]]:4:C2^2
2312.2.a.k:[[0,-17,0,-36,0,-4],[]]:8:D4
6084.2.a.s:[[481,-1068,1110,-665,240,-48,4],[]]:12:D6
2842.2.a.h:[[27670904,-95022964,132118420,-95324340,37551050,-7601117,608047],[]]:8:D4
7744.2.a.ch:[[2,0,15,0,-12,0,2],[]]:4:C2^2
3136.2.a.bq:[[-8,12,73,20,-79,31,-3],[0,0,0,1]]:4:C2^2
5184.2.a.bh:[[2,0,15,0,-12,0,2],[]]:4:C2^2
7200.2.a.cb:[[0,-5,0,-5,0,-1],[]]:8:D4
4312.2.a.r:[[0,-17956,0,-17956,0,16807],[]]:8:D4
5684.2.a.l:[[625,-221,-1978,2946,-1715,343],[]]:8:D4
8405.2.a.g:[[3638125,-17819550,36674322,-40549824,25390740,-8536248,1205000],[]]:4:C2^2
8405.2.a.d:[[256369,-512861,384902,-128574,205,-41],[]]:8:D4
9702.2.a.dg:[[0,-357532,0,-357532,0,729],[]]:8:D4
7514.2.a.u:[[13913,-49765,73430,-57230,24565,-4913],[]]:8:D4
9472.2.a.j:[[-44,112,-98,26,5,-1],[]]:8:D4
6400.2.a.bo:[[0,-1,0,-1,0,1],[]]:8:D4
6400.2.a.cg:[[-25,0,0,8,0,0,8],[]]:12:D6
387.2.a.g:[[50,-57,21,53,-60,24,-4],[]]:12:D6
2450.2.a.bo:[[-325090,1151803,-1642561,1191738,-449888,77495,-3497],[]]:8:D4
3600.2.a.bs:[[5,0,0,-5],[0,0,0,1]]:12:D6
3479.2.a.h:[[-185426,625571,-817401,497898,-118368,-8129,5855],[]]:8:D4
4312.2.a.q:[[2545,-4061,902,1986,-1715,343],[]]:8:D4
9075.2.a.bp:[[-333,2863,-5859,6943,-4992,1996,-333],[1,1,1,1]]:12:D6
8281.2.a.s:[[14953,-36924,41394,-26009,9555,-1911,159],[0,0,0,1]]:12:D6
3136.2.a.bl:[[193,-365,230,-30,-35,7],[]]:8:D4
2254.2.a.i:[[0,-77284,0,-77284,0,27783],[]]:8:D4
961.2.a.b:[[1769,-3445,2390,-590,-155,31],[]]:8:D4
9583.2.a.f:[[48553,-65724,34194,-6809,555,-111,9],[0,0,0,1]]:12:D6
3971.2.a.c:[[22877,-69374,82966,-27728,-19036,-15416,-6088],[]]:4:C2^2
507.2.a.f:[[2941,-3948,2010,-365,15,-3],[0,0,0,1]]:12:D6
5491.2.a.j:[[0,-24964,0,-24964,0,-1377],[]]:8:D4
3969.2.a.i:[[23,-30,21,8,-15,6,-1],[]]:12:D6
2156.2.a.f:[[0,-214375,1071875,-2064226,1905178,-753779,55327],[]]:8:D4
9702.2.a.do:[[5569,-5401,-364,308,-140,28],[]]:8:D4
9359.2.a.c:[[0,-178084,0,-178084,0,4375],[]]:8:D4
1568.2.a.p:[[2,0,15,0,-12,0,2],[]]:4:C2^2
9801.2.a.v:[[23,-30,21,8,-15,6,-1],[]]:12:D6
3267.2.a.m:[[481,-1068,1110,-665,240,-48,4],[]]:12:D6
1805.2.a.d:[[-1620,-3600,32184,-68036,67587,-32982,6386],[]]:4:C2^2
3528.2.a.bf:[[0,-28,0,-28,0,9],[]]:8:D4
5184.2.a.ca:[[2,0,15,0,-12,0,2],[]]:4:C2^2
6400.2.a.bh:[[4,-4,11,-4,4,-4,1],[]]:4:C2^2
3872.2.a.t:[[2,0,15,0,-12,0,2],[]]:4:C2^2
2592.2.a.k:[[2,0,15,0,-12,0,2],[]]:4:C2^2
7225.2.a.i:[[1777,-4829,6278,-4926,2125,-425],[]]:8:D4
2842.2.a.m:[[2609,-7069,5318,514,-1715,343],[]]:8:D4
9280.2.a.ba:[[4913,26877,-86853,94159,-48852,14940,-2592],[]]:4:C2^2
9408.2.a.dy:[[1710,-3504,2803,-1121,140,-28],[]]:8:D4
7252.2.a.d:[[-2866,8563,-8425,1290,3040,-1969,367],[]]:8:D4
2156.2.a.d:[[0,-5476,0,-5476,0,567],[]]:8:D4
8448.2.a.bd:[[-12249,31845,-29390,9790,5,-1],[]]:8:D4
6912.2.a.y:[[-9,30,27,-68,-39,-18,5],[]]:4:C2^2
8448.2.a.bx:[[-12249,31845,-29390,9790,5,-1],[]]:8:D4
4214.2.a.h:[[0,-4778596,0,-4778596,0,214375],[]]:8:D4
6958.2.a.x:[[578545,-1156061,864902,-286014,-1715,343],[]]:8:D4
6272.2.a.n:[[0,-28,0,-28,0,1],[]]:8:D4
9702.2.a.cr:[[-74434,257035,-350641,234138,-73568,6599,871],[]]:8:D4
2304.2.a.q:[[-9,30,27,-68,-39,-18,5],[]]:4:C2^2
7514.2.a.k:[[0,-857476,0,-857476,0,-1377],[]]:8:D4
9728.2.a.a:[[-43,107,-88,16,10,-2],[]]:8:D4
4805.2.a.h:[[12119,-113611,271402,-289074,148955,-29791],[]]:8:D4
3136.2.a.bi:[[2,0,15,0,-12,0,2],[]]:4:C2^2
1127.2.a.b:[[47095,-94187,70634,-23538,-5,1],[]]:8:D4
2560.2.a.d:[[0,-676,0,-676,0,81],[]]:8:D4
5202.2.a.u:[[532,944,-23,-220,248,42,1],[0,0,0,1]]:4:C2^2
6272.2.a.k:[[0,-7,0,4,0,4],[]]:8:D4
4864.2.a.r:[[-19592,18336,88396,87648,-44198,4584,2449],[]]:4:C2^2
7623.2.a.bh:[[-856,-16968,14988,2000,-3102,-66,143],[]]:4:C2^2
4800.2.a.cv:[[-279,219,-110,55,-10,-1,1],[]]:4:C2^2
5808.2.a.ch:[[-176,1131,-2715,3545,-2640,1056,-176],[]]:12:D6
9522.2.a.z:[[-977,2685,-2470,670,115,-23],[]]:8:D4
7514.2.a.n:[[41634,-202331,413409,-453402,280512,-92407,12585],[]]:8:D4
1078.2.a.p:[[702205426,-2593259155,3948809929,-3184205322,1435498592,-342934511,33885041],[]]:8:D4
9702.2.a.dk:[[28721,-70011,34623,42152,-53259,20796,-2840],[1]]:4:C2^2
5929.2.a.r:[[22465,-44909,33638,-11166,-35,7],[]]:8:D4
9702.2.a.ct:[[0,-357532,0,-357532,0,729],[]]:8:D4
9216.2.a.k:[[2,0,15,0,-12,0,2],[]]:4:C2^2
3969.2.a.j:[[0,-700,0,-700,0,81],[]]:8:D4
2312.2.a.i:[[0,17,0,4,0,4],[]]:8:D4
8325.2.a.bj:[[492,817,-1630,-6020,10437,-5280,832],[1,1]]:4:C2^2
9072.2.a.bh:[[-22,78,-87,44,-15,6,-1],[]]:12:D6
1225.2.a.t:[[0,-700,0,-700,0,81],[]]:8:D4
3072.2.a.a:[[99,-195,140,-40,-5,1],[]]:8:D4
2304.2.a.v:[[481,-1068,1110,-665,240,-48,4],[]]:12:D6
3362.2.a.g:[[0,-11236,0,-11236,0,-3321],[]]:8:D4
6400.2.a.bc:[[0,-1,0,0,0,1],[]]:48:GL(2,3)
9800.2.a.bw:[[-8,12,73,20,-79,31,-3],[0,0,0,1]]:4:C2^2
9760.2.a.m:[[574,-1136,827,-249,-20,4],[]]:8:D4
4761.2.a.y:[[-185,-251,1482,-1874,1035,-207],[]]:8:D4
8624.2.a.bz:[[-929,2701,-2630,830,35,-7],[]]:8:D4
5445.2.a.r:[[19340,-25680,12696,-1996,-60,12,-1],[]]:12:D6
7744.2.a.bx:[[11,0,0,-11,0,0,-4],[]]:12:D6
578.2.a.c:[[4249,-8549,6518,-2286,85,-17],[]]:8:D4
7056.2.a.ck:[[0,-28,0,-28,0,9],[]]:8:D4
2842.2.a.l:[[0,-3315226084,0,-3315226084,0,619704967],[]]:8:D4
3159.2.a.j:[[425288,-585768,421356,-168592,18570,6774,-4201],[]]:4:C2^2
6084.2.a.u:[[13,0,0,-16],[0,0,0,1]]:12:D6
9728.2.a.j:[[-43,107,-88,16,10,-2],[]]:8:D4
7488.2.a.cm:[[-14,-80,285,-335,180,-36],[]]:8:D4
2450.2.a.bk:[[16159,-32243,24026,-7842,-125,25],[]]:8:D4
2156.2.a.e:[[1399,-2795,2090,-690,-5,1],[]]:8:D4
9216.2.a.q:[[0,-2,0,-2,0,1],[]]:8:D4
7353.2.a.s:[[26135,-39198,39189,-13048,-15,6,-1],[]]:12:D6
9610.2.a.g:[[-2818,1387,18479,-39462,33952,-13657,2119],[]]:8:D4
9126.2.a.cd:[[-67,984,-3249,77,1241,-95,1],[0,0,1,1]]:4:C2^2
9248.2.a.n:[[2450,-5716,5987,-3809,1360,-272],[]]:8:D4
2592.2.a.i:[[2,0,15,0,-12,0,2],[]]:4:C2^2
6804.2.a.i:[[-34246,71142,-62655,36308,-11751,2490,-46],[]]:4:C2^2
7936.2.a.i:[[0,-2,0,-16,0,-1],[]]:8:D4
9016.2.a.s:[[-10010558,34492853,-46869903,31051494,-9561504,761593,136025],[]]:8:D4
9216.2.a.a:[[650,-1516,1587,-1009,360,-72],[]]:8:D4
8464.2.a.v:[[23,0,0,-23,0,0,-1],[]]:12:D6
3136.2.a.bj:[[2,0,15,0,-12,0,2],[]]:4:C2^2
4851.2.a.v:[[220025,-430789,303798,-80686,-15435,3087],[]]:8:D4
1078.2.a.q:[[0,-27556,0,-27556,0,4375],[]]:8:D4
8448.2.a.bj:[[-12674,-381,390,-145,15,-6,1],[]]:12:D6
5476.2.a.c:[[3457,-8556,9606,-6041,2220,-444,37],[]]:12:D6
8704.2.a.b:[[-47,127,-128,56,-10,2],[]]:8:D4
6804.2.a.j:[[-3,0,0,-2],[0,0,0,1]]:12:D6
4312.2.a.s:[[1345,-2669,1958,-606,-35,7],[]]:8:D4
392.2.a.h:[[-8,12,73,20,-79,31,-3],[0,0,0,1]]:4:C2^2
7200.2.a.co:[[271,-807,816,-263,6,3,1],[]]:4:C2^2
1681.2.a.a:[[-80,811,-419,101,140,-36,-6],[0,1,0,1]]:4:C2^2
8480.2.a.f:[[0,419904,-2099520,-38011969,122433987,-166744516,84002114],[]]:8:D4
1078.2.a.o:[[28721,-70011,34623,42152,-53259,20796,-2840],[1]]:4:C2^2
4356.2.a.n:[[11,0,0,-11,0,0,-4],[]]:12:D6
8112.2.a.bu:[[5929,-13452,14214,-8609,3120,-624,52],[]]:12:D6
2133.2.a.c:[[289,0,0,-289,0,0,-7],[0,0,0,1]]:12:D6
4624.2.a.q:[[0,-42436,0,-42436,0,-10625],[]]:8:D4
512.2.a.f:[[0,-1,0,0,0,1],[]]:48:GL(2,3)
7056.2.a.cp:[[0,-63,0,4,0,4],[]]:8:D4
6400.2.a.bj:[[2296,-8712,12660,-9360,3990,-882,89],[]]:4:C2^2
4563.2.a.n:[[21,-47,75,-75,48,-20,3],[1,1,1,1]]:12:D6
7514.2.a.s:[[0,-5764801,28824005,-80760462,126985366,-121273813,51989705],[]]:8:D4
7168.2.a.d:[[274,-644,683,-441,160,-32],[]]:8:D4
2254.2.a.m:[[0,-11874916,0,-11874916,0,45927],[]]:8:D4
5408.2.a.r:[[2,0,15,0,-12,0,2],[]]:4:C2^2
9423.2.a.a:[[1369,0,0,-1369,0,0,-7],[0,0,0,1]]:12:D6
8624.2.a.bm:[[0,-5476,0,-5476,0,567],[]]:8:D4
9702.2.a.dp:[[-28135,5647,33748,-11276,20,-4],[]]:8:D4
9016.2.a.u:[[20465,-39901,27782,-6974,-1715,343],[]]:8:D4
5408.2.a.v:[[0,-325,0,-325,0,-81],[]]:8:D4
4761.2.a.o:[[481,-1068,1110,-665,240,-48,4],[]]:12:D6
578.2.a.b:[[1577,-1985,628,-236,20,-4],[]]:8:D4
8464.2.a.t:[[-977,2685,-2470,670,115,-23],[]]:8:D4
6912.2.a.z:[[-9,30,27,-68,-39,-18,5],[]]:4:C2^2
6400.2.a.bp:[[241,-479,353,-111,-5,1],[]]:8:D4
9408.2.a.dl:[[270,-624,643,-401,140,-28],[]]:8:D4
9610.2.a.h:[[-3915759432,19636164268,-39010646604,39617736012,-21833589702,6228392027,-722296569],[]]:8:D4
8624.2.a.bq:[[1345,-2669,1958,-606,-35,7],[]]:8:D4
6912.2.a.bu:[[263,-864,1194,-928,396,-96,8],[]]:4:C2^2
1024.2.a.d:[[2,0,15,0,-12,0,2],[]]:4:C2^2
4704.2.a.bi:[[-135,-639,33,-9,61,5,-2],[]]:4:C2^2
4624.2.a.m:[[-584,4122,-9942,11088,-6015,1368,-44],[1]]:4:C2^2
9216.2.a.e:[[0,-2,0,-2,0,1],[]]:8:D4
1225.2.a.l:[[0,175,0,-36,0,-4],[]]:8:D4
1936.2.a.s:[[11,0,0,-11,0,0,-4],[]]:12:D6
8892.2.a.v:[[25,-87,96,-47,15,-6,1],[]]:12:D6
5408.2.a.s:[[2,0,15,0,-12,0,2],[]]:4:C2^2
7641.2.a.a:[[52441,0,0,-52441,0,0,-6912],[]]:12:D6
4624.2.a.s:[[532,944,-23,-220,248,42,1],[0,0,0,1]]:4:C2^2
363.2.a.g:[[20,-8,-215,2,221,-87,2],[0,0,0,1]]:4:C2^2
1701.2.a.m:[[49,-71,63,-11,-12,4,-1],[1,1,1,1]]:12:D6
8704.2.a.c:[[3460,-14326,24826,-23088,12158,-3437,407],[]]:8:D4
539.2.a.e:[[22465,-44909,33638,-11166,-35,7],[]]:8:D4
8624.2.a.bo:[[28721,-70011,34623,42152,-53259,20796,-2840],[1]]:4:C2^2
3528.2.a.bg:[[0,-63,0,4,0,4],[]]:8:D4
392.2.a.g:[[961,-1901,1382,-414,-35,7],[]]:8:D4
1568.2.a.q:[[193,-365,230,-30,-35,7],[]]:8:D4
3276.2.a.o:[[410552,-2387928,2838612,-1824496,608214,-157494,18305],[]]:4:C2^2
784.2.a.n:[[-8,12,73,20,-79,31,-3],[0,0,0,1]]:4:C2^2
9801.2.a.y:[[-3,0,0,1,0,0,1],[1]]:12:D6
8112.2.a.bs:[[4968,-4216,1260,-976,114,146,15],[]]:4:C2^2
6912.2.a.bg:[[-2,0,0,1,0,0,1],[]]:12:D6
9216.2.a.m:[[2,0,15,0,-12,0,2],[]]:4:C2^2
3969.2.a.h:[[0,-700,0,-700,0,81],[]]:8:D4
5776.2.a.y:[[-4591,14346,-20346,17424,-8076,2088,-8],[]]:4:C2^2
7742.2.a.r:[[0,45927,-229635,319394,-39642,-329869,233825],[]]:8:D4
8624.2.a.br:[[0,-17956,0,-17956,0,16807],[]]:8:D4
6272.2.a.m:[[0,-28,0,-28,0,1],[]]:8:D4
6300.2.a.bi:[[16888,-24216,15252,-4976,654,66,-131],[]]:4:C2^2
7168.2.a.l:[[0,2,0,1,0,1],[]]:8:D4
4864.2.a.t:[[-2,0,0,-64,0,0,1],[]]:12:D6
7514.2.a.t:[[988276424,-4590376684,8807030220,-8938804140,5068050150,-1524164027,189988057],[]]:8:D4
7742.2.a.s:[[10218760,-153028172,451740716,-580659468,381190678,-126271891,16809377],[]]:8:D4
578.2.a.d:[[532,944,-23,-220,248,42,1],[0,0,0,1]]:4:C2^2
9248.2.a.k:[[2,0,15,0,-12,0,2],[]]:4:C2^2
9675.2.a.bd:[[1472056,-1592664,798036,-31856,-147882,74154,-20423],[]]:4:C2^2
9513.2.a.f:[[-1636,-1692,990,-285,60,-12,1],[]]:12:D6
